0
0.000735276
0.00147055
0.00262416
0.0043919
0.00786021
0.0113285
0.0147969
0.0227374
0.0306779
0.0445888
0.0654606
0.102704
0.178328
0.253952
0.329576
0.4052
0.480824
0.556448
0.632072
0.707696
0.828091
0.948486
1.15151
1.35454
1.55756
1.76059
1.96362
2.2977
2.63179
2.96588
3.50993
4.05398
4.59803
5.14209
5.68614
6.23019
6.77424
7.8663
8.95835
10.0504
11.1425
12.2345
13.3266
14.4186
15.5107
16.6028
17.6948
19.4996
21.3044
23.1091
24.9139
26.7187
28.5235
30.3282
32.133
33.9378
35.7426
37.5473
39.3521
41.1569
42.9617
44.7664
46.5712
48.376
50.1808
51.9855
53.7903
55.5951
56.7376
57.8801
59.0226
60.1651
61.3076
62.4501
63.5926
64.7352
65.8777
67.0202
68.1627
69.3052
70.4477
71.0794
71.711
72.3427
72.9744
73.6061
74.2377
74.8694
75.5011
76.5499
78.196
79.8421
81.4883
83.1344
84.7805
86.4266
88.0728
89.7189
91.365
93.0112
94.6573
96.3034
97.9496
99.5957
101.242
102.888
104.534
106.18
107.826
109.472
111.119
112.765
114.411
116.057
117.703
119.349
120.995
122.642
124.288
125.934
127.58
129.226
130.872
132.518
134.164
135.811
137.457
139.103
140.749
142.395
144.041
145.687
147.333
148.98
150.626
152.272
153.918
155.564
157.21
158.856

