1.40467e-07
1.40464e-07
1.40461e-07
1.40456e-07
1.40449e-07
1.40435e-07
1.40422e-07
1.4041e-07
1.40385e-07
1.40362e-07
1.40325e-07
1.40276e-07
1.40195e-07
1.40012e-07
1.39787e-07
1.39512e-07
1.39197e-07
1.38852e-07
1.38486e-07
1.38107e-07
1.37718e-07
1.37087e-07
1.36449e-07
1.35366e-07
1.34287e-07
1.33217e-07
1.32158e-07
1.31107e-07
1.294e-07
1.27717e-07
1.26054e-07
1.23381e-07
1.20739e-07
1.18121e-07
1.15523e-07
1.12942e-07
1.10379e-07
1.07835e-07
1.02788e-07
9.7833e-08
9.29804e-08
8.82441e-08
8.36332e-08
7.91573e-08
7.48245e-08
7.06379e-08
6.65999e-08
6.27173e-08
5.66322e-08
5.0954e-08
4.5692e-08
4.08225e-08
3.63172e-08
3.22007e-08
2.84076e-08
2.48969e-08
2.1778e-08
1.89139e-08
1.61388e-08
1.39289e-08
1.18957e-08
9.88332e-09
8.52388e-09
6.67061e-09
5.16695e-09
3.74556e-09
1.89737e-09
1.63952e-09
8.47476e-10
3.74599e-10
-6.14398e-11
-6.26096e-10
-8.52751e-10
-1.07944e-09
-1.66691e-09
-1.76031e-09
-1.70238e-09
-2.6455e-09
-2.59952e-09
-2.00101e-09
-3.55188e-09
-3.65136e-09
-3.3112e-09
-3.01534e-09
-2.84617e-09
-2.8478e-09
-3.05456e-09
-3.21168e-09
-3.27111e-09
-3.33456e-09
-3.37055e-09
-3.45437e-09
-3.50443e-09
-3.49032e-09
-3.50938e-09
-3.53137e-09
-3.4526e-09
-3.41106e-09
-3.41582e-09
-3.30529e-09
-3.20408e-09
-3.2116e-09
-3.09464e-09
-2.93482e-09
-2.94483e-09
-2.85412e-09
-2.63398e-09
-2.63601e-09
-2.60358e-09
-2.331e-09
-2.29795e-09
-2.20703e-09
-2.01323e-09
-2.02559e-09
-2.01769e-09
-1.78017e-09
-1.7314e-09
-1.78944e-09
-1.52794e-09
-1.41392e-09
-1.56437e-09
-1.32728e-09
-1.108e-09
-1.34287e-09
-1.18488e-09
-1.08938e-09
-1.18604e-09
-9.5042e-10
-7.26089e-10
-9.09339e-10
-8.04283e-10
-7.23267e-10
-8.07622e-10
-6.25104e-10
-4.34045e-10
-5.87833e-10
-5.19058e-10
-2.62236e-10
-4.43968e-10
-4.91596e-10
-1.38812e-10

