-2.42431e-07
-2.4243e-07
-2.42429e-07
-2.42428e-07
-2.42427e-07
-2.42427e-07
-2.42427e-07
-2.42429e-07
-2.4244e-07
-2.42455e-07
-2.42488e-07
-2.42554e-07
-2.42702e-07
-2.4306e-07
-2.43461e-07
-2.43872e-07
-2.44289e-07
-2.44708e-07
-2.45131e-07
-2.45558e-07
-2.45988e-07
-2.46679e-07
-2.47379e-07
-2.48573e-07
-2.49778e-07
-2.50991e-07
-2.52207e-07
-2.53423e-07
-2.55417e-07
-2.57397e-07
-2.59354e-07
-2.62488e-07
-2.65546e-07
-2.68525e-07
-2.71424e-07
-2.74247e-07
-2.76995e-07
-2.7967e-07
-2.84823e-07
-2.89704e-07
-2.94323e-07
-2.9869e-07
-3.02816e-07
-3.06714e-07
-3.1039e-07
-3.13853e-07
-3.17112e-07
-3.20174e-07
-3.24826e-07
-3.29003e-07
-3.32723e-07
-3.3604e-07
-3.38979e-07
-3.41566e-07
-3.4382e-07
-3.45812e-07
-3.47514e-07
-3.48958e-07
-3.50245e-07
-3.51305e-07
-3.52066e-07
-3.52879e-07
-3.53428e-07
-3.53765e-07
-3.54228e-07
-3.54471e-07
-3.54697e-07
-3.54762e-07
-3.54699e-07
-3.5458e-07
-3.54519e-07
-3.54476e-07
-3.54393e-07
-3.54204e-07
-3.5418e-07
-3.54064e-07
-3.53801e-07
-3.53718e-07
-3.53703e-07
-3.53218e-07
-3.53221e-07
-3.53326e-07
-3.52983e-07
-3.52768e-07
-3.52671e-07
-3.52591e-07
-3.52433e-07
-3.52319e-07
-3.52209e-07
-3.5212e-07
-3.51934e-07
-3.51639e-07
-3.51365e-07
-3.51062e-07
-3.50773e-07
-3.505e-07
-3.50214e-07
-3.49921e-07
-3.4967e-07
-3.49404e-07
-3.49122e-07
-3.48888e-07
-3.48657e-07
-3.48385e-07
-3.48169e-07
-3.47976e-07
-3.47723e-07
-3.47515e-07
-3.47367e-07
-3.47139e-07
-3.4693e-07
-3.46793e-07
-3.46623e-07
-3.46459e-07
-3.4635e-07
-3.46171e-07
-3.46009e-07
-3.45938e-07
-3.45801e-07
-3.45623e-07
-3.45581e-07
-3.45489e-07
-3.45299e-07
-3.45266e-07
-3.45237e-07
-3.45085e-07
-3.45013e-07
-3.44956e-07
-3.44816e-07
-3.44804e-07
-3.44794e-07
-3.44678e-07
-3.44633e-07
-3.44602e-07
-3.44498e-07
-3.44495e-07
-3.44501e-07
-3.44386e-07
-3.44361e-07
-3.44421e-07
-3.4431e-07

