0
-8.66409e-13
-1.73273e-12
-3.09179e-12
-5.17397e-12
-9.25781e-12
-1.33397e-11
-1.74198e-11
-2.67492e-11
-3.60686e-11
-5.23746e-11
-7.67866e-11
-1.20181e-10
-2.07639e-10
-2.94227e-10
-3.79954e-10
-4.64828e-10
-5.48859e-10
-6.32057e-10
-7.14431e-10
-7.9599e-10
-9.24177e-10
-1.05036e-09
-1.2587e-09
-1.4616e-09
-1.65923e-09
-1.85173e-09
-2.03927e-09
-2.33742e-09
-2.62311e-09
-2.89692e-09
-3.31876e-09
-3.71273e-09
-4.08087e-09
-4.42502e-09
-4.74691e-09
-5.04809e-09
-5.33004e-09
-5.84313e-09
-6.29358e-09
-6.68981e-09
-7.03894e-09
-7.3471e-09
-7.61952e-09
-7.86071e-09
-8.07458e-09
-8.26451e-09
-8.43342e-09
-8.67292e-09
-8.87133e-09
-9.03646e-09
-9.17442e-09
-9.2901e-09
-9.38742e-09
-9.4695e-09
-9.53896e-09
-9.59791e-09
-9.64798e-09
-9.69066e-09
-9.72727e-09
-9.75832e-09
-9.78498e-09
-9.80802e-09
-9.82732e-09
-9.84406e-09
-9.85842e-09
-9.87085e-09
-9.88213e-09
-9.89151e-09
-9.89648e-09
-9.90087e-09
-9.90482e-09
-9.90854e-09
-9.91176e-09
-9.91463e-09
-9.91739e-09
-9.91971e-09
-9.92156e-09
-9.9237e-09
-9.92529e-09
-9.92622e-09
-9.92783e-09
-9.9289e-09
-9.92969e-09
-9.93019e-09
-9.9306e-09
-9.93095e-09
-9.93129e-09
-9.93158e-09
-9.93185e-09
-9.93225e-09
-9.93271e-09
-9.93306e-09
-9.93327e-09
-9.93332e-09
-9.93328e-09
-9.93318e-09
-9.93294e-09
-9.93265e-09
-9.93236e-09
-9.93197e-09
-9.93153e-09
-9.93117e-09
-9.93072e-09
-9.93021e-09
-9.92982e-09
-9.92939e-09
-9.92886e-09
-9.92849e-09
-9.92814e-09
-9.92764e-09
-9.92726e-09
-9.92693e-09
-9.92654e-09
-9.92632e-09
-9.92613e-09
-9.92582e-09
-9.92562e-09
-9.92558e-09
-9.92534e-09
-9.92519e-09
-9.92528e-09
-9.92517e-09
-9.92503e-09
-9.92525e-09
-9.92532e-09
-9.92537e-09
-9.92559e-09
-9.92564e-09
-9.92567e-09
-9.92601e-09
-9.92624e-09
-9.92644e-09
-9.9268e-09
-9.92703e-09
-9.92724e-09
-9.9277e-09
-9.92808e-09
-9.92829e-09
-9.92882e-09
-9.92935e-09

