-70
-69.9983
-69.9968
-69.9945
-69.9914
-69.986
-69.9815
-69.9776
-69.9706
-69.9645
-69.9551
-69.9434
-69.9268
-69.9008
-69.8805
-69.8619
-69.8436
-69.8251
-69.8062
-69.7869
-69.7673
-69.7356
-69.7036
-69.6492
-69.595
-69.5414
-69.4884
-69.4363
-69.3521
-69.27
-69.1898
-69.0629
-68.94
-68.8208
-68.7048
-68.5918
-68.4817
-68.3743
-68.1663
-67.968
-67.7787
-67.5981
-67.426
-67.262
-67.1061
-66.9579
-66.8172
-66.684
-66.4791
-66.2927
-66.124
-65.9716
-65.8348
-65.7128
-65.6033
-65.5065
-65.4227
-65.3463
-65.2802
-65.229
-65.1758
-65.1353
-65.1081
-65.066
-65.046
-65.0253
-65.0086
-65.0188
-65.0073
-65.0004
-64.9963
-64.9949
-64.9996
-64.9977
-64.9962
-65.0063
-65.0065
-64.9998
-65.02
-65.0218
-65.0023
-65.0323
-65.0489
-65.0498
-65.0467
-65.0468
-65.0492
-65.0524
-65.0561
-65.0593
-65.0656
-65.0748
-65.0857
-65.0968
-65.1066
-65.1175
-65.1291
-65.1386
-65.1488
-65.1606
-65.1698
-65.1787
-65.1904
-65.1994
-65.2065
-65.2176
-65.2269
-65.232
-65.2419
-65.252
-65.2552
-65.2635
-65.2713
-65.2753
-65.2832
-65.2915
-65.2936
-65.2991
-65.3083
-65.3095
-65.3123
-65.3225
-65.3238
-65.323
-65.3337
-65.3354
-65.3365
-65.3439
-65.3443
-65.3427
-65.3508
-65.3517
-65.3519
-65.3574
-65.3575
-65.3554
-65.3616
-65.3634
-65.3587
-65.3642
-65.3685

